0, 6709, 14010.125732349841163, 0, -26.478546180411698635, 0
-0.20000, 6709, 14010.149128913402904, -0.71785887207137196043, 0.12931309594255325145, 2.2883023167573469172
-0.40000, 6709, 14010.120829976854158, -1.1686361678484334232, 0.12254322522188366232, 2.2870366781603176791
-0.60000, 6709, 14010.110385177581392, -1.6381785189700011832, -0.029225239175333702957, 2.3951158857206092294
-0.80000, 6709, 14010.131354267271218, -2.1205062366073946064, -0.17002765512623342564, 2.4174269844011366267
-1.0000, 6709, 14010.174143136852303, -2.6029960388406085967, -0.24894332276589650577, 2.4056677847403687214
-1.2000, 6709, 14010.228236982191926, -3.0826451901211187010, -0.28712847942697994437, 2.3911985207341946554
-1.4000, 6709, 14010.287574929829867, -3.5596707823035467345, -0.30371020083061884946, 2.3795026868863641661
-1.6000, 6709, 14010.348971547934964, -4.0345723105734564430, -0.30889058791221829453, 2.3696884653157687525
-1.8000, 6709, 14010.410722096487440, -4.5075654744655053919, -0.30785996624671559076, 2.3601778813983729637
-2.0000, 6709, 14010.471889629217297, -4.9785804194380350583, -0.30340604884448395467, 2.3497342911200787419
-2.2000, 6709, 14010.531968904369605, -5.4473387847257951997, -0.29720289411218394188, 2.3374933986117923560
-2.4000, 6709, 14010.590733747029162, -5.9134179162986992345, -0.29043913996912777304, 2.3228612622219627585
-2.6000, 6709, 14010.648175278985690, -6.3762977445352708912, -0.28413636596157031279, 2.3054527656193415112
-2.8000, 6709, 14010.704486639926547, -6.8354017587950949574, -0.27931101907467355278, 2.2850941693861094986
-3.0000, 6709, 14010.760069605580093, -7.2901443566175689832, -0.27703568745456811541, 2.2618818438186966019
-3.2000, 6709, 14010.815544276980873, -7.7399938241532183710, -0.27840760097429415117, 2.2362745288060150297
-3.4000, 6709, 14010.871742521019094, -8.1845536088858732620, -0.28441688043759428994, 2.2091742248654730214
-3.6000, 6709, 14010.929665716667751, -8.6236529551784616993, -0.29572720345383637581, 2.1819260187640011622
-3.8000, 6709, 14010.990394951568784, -9.0574234048231457355, -0.31243641179563876948, 2.1561684853264582141
-4.0000, 6709, 14011.054961313117226, -9.4863289671029426141, -0.33393917976651866104, 2.1335271857107473740
-4.2000, 6709, 14011.124208650075552, -9.9111267370112999235, -0.35900044572642649778, 2.1152506856940413456
-4.4000, 6709, 14011.198693196684543, -10.332762810910518487, -0.38603818611333304247, 2.1019545686618827674
-4.6000, 6709, 14011.278650538944914, -10.752238153029588665, -0.41348574518454005420, 2.0935850156206128704
-4.8000, 6709, 14011.364029192924840, -11.170488348107020635, -0.44007327088420886400, 2.0895797298064236858
-5.0000, 6709, 14011.454564774219046, -11.588305890893279405, -0.46494823563535329825, 2.0891107668446680038
-5.2000, 6709, 14011.549863312174417, -12.006309579168386768, -0.48765578117680290811, 2.0912987838466867890
-5.4000, 6709, 14011.649472174839440, -12.424949184038142903, -0.50804619953420597621, 2.0953484766969104933
-5.6000, 6709, 14011.752930369209180, -12.844529280180793891, -0.52616886187659749845, 2.1006079862562290109
-5.8000, 6709, 14011.859799119355393, -13.265239404825107990, -0.54218407063614074213, 2.1065774097125278485
-6.0000, 6709, 14011.969677456959644, -13.687182983114568839, -0.55630148326589781539, 2.1128915355329690915
-6.2000, 6709, 14012.082207951632360, -14.110401710060468777, -0.56874212015118338274, 2.1192937668340527348
-6.4000, 6709, 14012.197076664040904, -14.534894637754696438, -0.57971747010706417024, 2.1256102198712151923
-6.6000, 6709, 14012.314010109751704, -14.960632437104718039, -0.58941959660445952205, 2.1317276872733813773
-6.8000, 6709, 14012.432770953515302, -15.387567723813180768, -0.59801772078239372727, 2.1375763200285843002
-7.0000, 6709, 14012.553153409013362, -15.815642364634473384, -0.60565830773638229407, 2.1431166310685443077
-7.2000, 6709, 14012.674978848138361, -16.244792550400833213, -0.61246684991239160879, 2.1483300166223348399
-7.4000, 6709, 14012.798091846084003, -16.674952255520756723, -0.61855031751663405756, 2.1532119701223089749
-7.6000, 6709, 14012.922356734490281, -17.106055549622002490, -0.62399972495109229090, 2.1577672852594440867
-7.8000, 6709, 14013.047654655346129, -17.538038101599268500, -0.62889254282536838133, 2.1620066975193782319
-8.0000, 6709, 14013.173881071528018, -17.970838120484220755, -0.63329484200311434268, 2.1659445524422728935
-8.2000, 6709, 14013.300943676406234, -18.404396906869297840, -0.63726313960564642377, 2.1695972007730367969
-8.4000, 6709, 14013.428760643589657, -18.838659137558269187, -0.64084595829845739003, 2.1729819055521751884
-8.6000, 6709, 14013.557259162236900, -19.273572969684713509, -0.64408512832059168102, 2.1761161084425086719
-8.8000, 6709, 14013.686374209974847, -19.709090024725639358, -0.64701686749121953104, 2.1790169473503654811
-9.0000, 6709, 14013.816047522539367, -20.145165294615051966, -0.64967267401022641054, 2.1817009492330067573
-9.2000, 6709, 14013.946226725922822, -20.581756999321294641, -0.65208006365421990865, 2.1841838444851218330
-9.4000, 6709, 14014.076864602719460, -21.018826416209031297, -0.65426317876126193651, 2.1864804651575723948
-9.6000, 6709, 14014.207918469406363, -21.456337695139623647, -0.65624329210991042523, 2.1886047004331275877
-9.8000, 6709, 14014.339349645516713, -21.894257668781699116, -0.65803922485379583099, 2.1905694906574667916
-10.000, 6709, 14014.471122999141489, -22.332555664451144145, -0.65966769423349948038, 2.1923868467801861630
-10.200, 6709, 14014.603206556040727, -22.771203321586079496, -0.66114360388099451073, 2.1940678859882141592
-10.400, 6709, 14014.735571161959789, -23.210174417412873189, -0.66248028712325454749, 2.1956228770948492548
-10.600, 6709, 14014.868190189623592, -23.649444702280292909, -0.66368971172025656512, 2.1970612912190309684
-10.800, 6709, 14015.001039283403035, -24.088991745393666406, -0.66478265287186942521, 2.1983918546880722319
-11.000, 6709, 14015.134096135880828, -24.528794791172453341, -0.66576884003468966019, 2.1996226020892442740
-11.200, 6709, 14015.267340291544125, -24.968834626114049175, -0.66665708204765570072, 2.2007609280985758446
-11.400, 6709, 14015.400752973644242, -25.409093455824872126, -0.66745537422649296809, 2.2018136372119514369
-11.600, 6709, 14015.534316930925783, -25.849554791741799795, -0.66817099041207053253, 2.2027869908529422752
-11.800, 6709, 14015.668016301468235, -26.290203346987776829, -0.66881056241418895380, 2.2036867515757118840
-12.000, 6709, 14015.801836491325968, -26.731024940766983755, -0.66938014885397095543, 2.2045182242497694427
-12.200, 6709, 14015.935764066016571, -27.172006410694510861, -0.66988529505385246378, 2.2052862942277753811
-12.400, 6709, 14016.069786653207541, -27.613135532463847407, -0.67033108533734906268, 2.2059954625734682799
-12.600, 6709, 14016.203892855199715, -28.054400946276134310, -0.67072218886788733953, 2.2066498784751946757
-12.800, 6709, 14016.338072170012064, -28.495792089483392440, -0.67106289996635900713, 2.2072533689995004659
-13.000, 6709, 14016.472314920044395, -28.937299134930551765, -0.67135717369217399940, 2.2078094663545712000
-13.200, 6709, 14016.606612187438378, -29.378912934515779529, -0.67160865734568497240, 2.2083214328391658331
-13.400, 6709, 14016.740955755378083, -29.820624967523761786, -0.67182071844553213317, 2.2087922836520864730
-13.600, 6709, 14016.875338054673076, -30.262427293321168632, -0.67199646964840589013, 2.2092248077323318922
-13.800, 6709, 14017.009752115053255, -30.704312508036834864, -0.67213879100750089435, 2.2096215867924474125
-14.000, 6709, 14017.144191520677775, -31.146273704880783180, -0.67225034990677893642, 2.2099850126983136855
-14.200, 6709, 14017.278650369422766, -31.588304437785862179, -0.67233361895885390170, 2.2103173033384922352
-14.400, 6709, 14017.413123235565832, -32.030398688083353110, -0.67239089211307579943, 2.2106205171158102985
-14.600, 6709, 14017.547605135531119, -32.472550833949395026, -0.67242429918578315956, 2.2108965661834937980
-14.800, 6709, 14017.682091496398102, -32.914755622382526647, -0.67243581899554879298, 2.2111472285380932168
-15.000, 6709, 14017.816578126911279, -33.357008143494123856, -0.67242729126161751471, 2.2113741590718512472
-15.200, 6709, 14017.951061190757488, -33.799303806913128295, -0.67240042740285631946, 2.2115788996781277558
-15.400, 6709, 14018.085537181903144, -34.241638320124333029, -0.67235682035677936788, 2.2117628884950758387
-15.600, 6709, 14018.220002901806123, -34.684007668575740220, -0.67229795352305748000, 2.2119274683649696828
-15.800, 6709, 14018.354455438336492, -35.126408097405258700, -0.67222520892295202211, 2.2120738945794159286
-16.000, 6709, 14018.488892146257517, -35.568836094650389406, -0.67213987465497789940, 2.2122033419741159627
-16.200, 6709, 14018.623310629133377, -36.011288375816671955, -0.67204315171751202339, 2.2123169114308584257
-16.400, 6709, 14018.757708722543363, -36.453761869691648156, -0.67193616026078349429, 2.2124156358389749964
-16.600, 6709, 14018.892084478494078, -36.896253705301042643, -0.67181994532351137603, 2.2125004855635511216
-16.800, 6709, 14019.026436150931562, -37.338761199912864195, -0.67169548210322979362, 2.2125723734632087137
-17.000, 6709, 14019.160762182264520, -37.781281848003283333, -0.67156368080391961680, 2.2126321594962321556
-17.200, 6709, 14019.295061190818094, -38.223813311105524449, -0.67142539109983493984, 2.2126806549501556356
-17.400, 6709, 14019.429331959144941, -38.666353408469699093, -0.67128140625027304201, 2.2127186263266340158
-17.600, 6709, 14019.563573423126983, -39.108900108467569209, -0.67113246689640587665, 2.2127467989104483348
-17.800, 6709, 14019.697784661807076, -39.551451520681726971, -0.67097926456809941257, 2.2127658600488201107
-18.000, 6709, 14019.831964887895166, -39.994005888623667424, -0.67082244492583492072, 2.2127764621647976210
-18.200, 6709, 14019.966113438898235, -40.436561583029761830, -0.67066261076036296693, 2.2127792255263063443
-18.400, 6709, 14020.100229768827676, -40.879117095688259213, -0.67050032477052324107, 2.2127747407905010384
-18.600, 6709, 14020.234313440441600, -41.321671033754191985, -0.67033611213771444587, 2.2127635713412968946
-18.800, 6709, 14020.368364117983118, -41.764222114512475765, -0.67017046291376655012, 2.2127462554363722261
-19.000, 6709, 14020.502381560378807, -42.206769160552606749, -0.67000383423742547701, 2.2127233081785074633
-19.200, 6709, 14020.636365614864511, -42.649311095321202069, -0.66983665239328420349, 2.2126952233248387824
-19.400, 6709, 14020.770316211008218, -43.091846939021226273, -0.66966931472576393691, 2.2126624749464450072
-19.600, 6709, 14020.904233355102218, -43.534375804829124396, -0.66950219141964687873, 2.2126255189496404619
-19.800, 6709, 14021.038117124898898, -43.976896895403260623, -0.66933562715767277482, 2.2125847944694024768
-20.000, 6709, 14021.171967664666576, -44.419409499659060595, -0.66916994266482167125, 2.2125407251445097223
-20.200, 6709, 14021.305785180543600, -44.861912989788092283, -0.66900543614810343763, 2.2124937202831970002
-20.400, 6709, 14021.439569936170634, -45.304406818500010636, -0.66884238463995055314, 2.2124441759274350588
-20.600, 6709, 14021.573322248582613, -45.746890516467848741, -0.66868104525265550867, 2.2123924758233128015
-20.800, 6709, 14021.707042484343259, -46.189363689958575581, -0.66852165635070019694, 2.2123389923044270954
-21.000, 6709, 14021.840731055906389, -46.631826018632168752, -0.66836443864728502744, 2.2122840870946661359
-21.200, 6709, 14021.974388418189430, -47.074277253493679741, -0.66820959623087422813, 2.2122281120363004926
-21.400, 6709, 14022.108015065345703, -47.516717214983908629, -0.66805731752712561568, 2.2121714097488666455
-21.600, 6709, 14022.241611527723038, -47.959145791195362284, -0.66790777620116339304, 2.2121143142239366066
-21.800, 6709, 14022.375178368997276, -48.401562936201152618, -0.66776113200477717915, 2.2120571513605101704
-22.000, 6709, 14022.508716183470047, -48.843968668485405621, -0.66761753157278588397, 2.2120002394454399152
-22.200, 6709, 14022.642225593521074, -49.286363069464603642, -0.66747710917248802863, 2.2119438895830001213
-22.400, 6709, 14022.775707247205975, -49.728746282090077735, -0.66733998740982786125, 2.2118884060774364467
-22.600, 6709, 14022.909161815991262, -50.171118509522608737, -0.66720627789563664845, 2.2118340867720809756
-22.800, 6709, 14023.042589992618841, -50.613480013870789077, -0.66707608187505863085, 2.2117812233483848502
-23.000, 6709, 14023.175992489092973, -51.055831114985446043, -0.66694949082303937513, 2.2117301015880060833
-23.200, 6709, 14023.309370034783152, -51.498172189303034614, -0.66682658700853891474, 2.2116810016008915155
-23.400, 6709, 14023.442723374636912, -51.940503668731477127, -0.66670744402993162599, 2.2116341980221075809
-23.600, 6709, 14023.576053267497016, -52.382826039572460609, -0.66659212732386789003, 2.2115899601800031507
-23.800, 6709, 14023.709360484517947, -52.825139841474703120, -0.66648069464969805556, 2.2115485522381279081
-24.000, 6709, 14023.842645807677001, -53.267445666413170018, -0.66637319655139598905, 2.2115102333131803324
-24.200, 6709, 14023.975910028375662, -53.709744157689661753, -0.66626967679876664975, 2.2114752575711193908
-24.400, 6709, 14024.109153946127283, -54.152036008950608297, -0.66617017280957883275, 2.2114438743034425284
-24.600, 6709, 14024.242378367327425, -54.594321963218293365, -0.66607471605412975904, 2.2114163279855087051
-24.800, 6709, 14024.375584104103451, -55.036602811932095508, -0.66598333244362191239, 2.2113928583186683081
-25.000, 6709, 14024.508771973240295, -55.478879393996674360, -0.66589604270361386192, 2.2113737002578511454
-25.200, 6709, 14024.641942795179520, -55.921152594834350005, -0.66581286273369526104, 2.2113590840261588126
-25.400, 6709, 14024.775097393089022, -56.363423345439222603, -0.66573380395443133222, 2.2113492351179080362
-25.600, 6709, 14024.908236592000935, -56.805692621430859196, -0.66565887364252353599, 2.2113443742914766875
-25.800, 6709, 14025.041361218015448, -57.247961442105635805, -0.66558807525504042689, 2.2113447175532136399
-26.000, 6709, 14025.174472097568457, -57.690230869484066491, -0.66552140874348560463, 2.2113504761335871932
-26.200, 6709, 14025.307570056761060, -58.132502007352677614, -0.66545887085838789036, 2.2113618564566641027
-26.400, 6709, 14025.440655920749076, -58.574776000299196022, -0.66540045544502214060, 2.2113790601039320924
-26.600, 6709, 14025.573730513190872, -59.017054032740014782, -0.66534615373079722247, 2.2114022837734028857
-26.800, 6709, 14025.706794655751866, -59.459337327939080190, -0.66529595460478040149, 2.2114317192348600719
-27.000, 6709, 14025.839849167664186, -59.901627147017509617, -0.66524984488976454084, 2.2114675532820463930
-27.200, 6709, 14025.972894865340031, -60.343924787953401944, -0.66520780960722589757, 2.2115099676825181579
-27.400, 6709, 14026.105932562037330, -60.786231584571441404, -0.66516983223546575585, 2.2115591391258303698
-27.600, 6709, 14026.238963067576372, -61.228548905522022202, -0.66513589496117849756, 2.2116152391706547035
-27.800, 6709, 14026.371987188106111, -61.670878153249735769, -0.66510597892464182405, 2.2116784341913736266
-28.000, 6709, 14026.505005725918876, -62.113220762951165487, -0.66508006445868155799, 2.2117488853246376754
-28.200, 6709, 14026.638019479312275, -62.555578201522025732, -0.66505813132152362973, 2.2118267484163191364
-28.400, 6709, 14026.771029242497049, -62.997951966493763532, -0.66504015892360934461, 2.2119121739692441167
-28.600, 6709, 14026.904035805549703, -63.440343584959812644, -0.66502612654841669868, 2.2120053070920361987
-28.800, 6709, 14027.037039954408693, -63.882754612491751801, -0.66501601356730022340, 2.2121062874493585566
-29.000, 6709, 14027.170042470912988, -64.325186632045671820, -0.66500979964833445806, 2.2122152492137975522
-29.200, 6709, 14027.303044132881795, -64.767641252859100730, -0.66500746495912153819, 2.2123323210195894369
-29.400, 6709, 14027.436045714234237, -65.210120109338872404, -0.66500899036350141452, 2.2124576259183528527
-29.600, 6709, 14027.569047985147761, -65.652624859940353092, -0.66501435761208374684, 2.2125912813369533643
-29.800, 6709, 14027.702051712254016, -66.095157186038462013, -0.66502354952650341852, 2.2127333990375922594
-30.000, 6709, 14027.835057658870962, -66.537718790790937446, -0.66503655017728675896, 2.2128840850801803338
-30.200, 6709, 14027.968066585269883, -66.980311397994308947, -0.66505334505520281353, 2.2130434397870283325
-30.400, 6709, 14028.101079248976024, -67.422936750933039949, -0.66507392123596323640, 2.2132115577098591394
-30.600, 6709, 14028.234096405101484, -67.865596611222303583, -0.66509826753812547427, 2.2133885275991227045
-30.800, 6709, 14028.367118806708995, -68.308292757644848527, -0.66512637467404673782, 2.2135744323755730435
-31.000, 6709, 14028.500147205205187, -68.751026984982401636, -0.66515823539373070181, 2.2137693491040474458
-31.200, 6709, 14028.633182350761899, -69.193801102842040361, -0.66519384462140481952, 2.2139733489693712491
-31.400, 6709, 14028.766224992764064, -69.636616934477951207, -0.66523319958466347228, 2.2141864972542971750
-31.600, 6709, 14028.899275880282660, -70.079476315608971026, -0.66527629993601079265, 2.2144088533193762301
-31.800, 6709, 14029.032335762571208, -70.522381093232286317, -0.66532314786663680187, 2.2146404705846475382
-32.000, 6709, 14029.165405389584219, -70.965333124433642445, -0.66537374821226139247, 2.2148813965130271395
-32.200, 6709, 14029.298485512516017, -71.408334275194390124, -0.66542810855088257790, 2.2151316725952707260
-32.400, 6709, 14029.431576884358281, -71.851386419195671203, -0.66548623929226824205, 2.2153913343363824374
-32.600, 6709, 14029.564680260474647, -72.294491436620020089, -0.66554815375903427766, 2.2156604112433411542
-32.800, 6709, 14029.697796399190674, -72.737651212950631567, -0.66561386825915643844, 2.2159389268140171431
-33.000, 6709, 14029.830926062397442, -73.180867637768520636, -0.66568340214976838615, 2.2162268985271553636
-33.200, 6709, 14029.964070016167027, -73.624142603547775756, -0.66575677789210424065, 2.2165243378333071653
-33.400, 6709, 14030.097229031378066, -74.067478004449083968, -0.66583402109745039594, 2.2168312501465994135
-33.600, 6709, 14030.230403884349606, -74.510875735111684996, -0.66591516056397841343, 2.2171476348372392020
-33.800, 6709, 14030.363595357481393, -74.954337689443892180, -0.66600022830433842059, 2.2174734852246631494
-34.000, 6709, 14030.496804239898749, -75.397865759412301059, -0.66608925956390060915, 2.2178087885712527485
-34.200, 6709, 14030.630031328100155, -75.841461833829792136, -0.66618229282954113383, 2.2181535260765512441
-34.400, 6709, 14030.763277426605631, -76.285127797142422943, -0.66627936982887795592, 2.2185076728719329508
-34.600, 6709, 14030.896543348604013, -76.728865528215296370, -0.66638053551987196302, 2.2188711980156926920
-34.800, 6709, 14031.029829916597167, -77.172676899117487548, -0.66648583807071903608, 2.2192440644885410199
-35.000, 6709, 14031.163137963039213, -77.616563773906110584, -0.66659532882996964815, 2.2196262291895099637
-35.200, 6709, 14031.296468330968790, -78.060528007409609392, -0.66670906228682408767, 2.2200176429322941154
-35.400, 6709, 14031.429821874632395, -78.504571444010363910, -0.66682709602156353319, 2.2204182504420727875
-35.600, 6709, 14031.563199460096816, -78.948695916426714284, -0.66694949064608999864, 2.2208279903528806232
-35.800, 6709, 14031.696601965848685, -79.392903244494521307, -0.66707630973456165580, 2.2212467952056162883
-36.000, 6709, 14031.830030283379169, -79.837195233948401565, -0.66720761974412426308, 2.2216745914468015698
-36.200, 6709, 14031.963485317751815, -80.281573675202800534, -0.66734348992575442851, 2.2221112994282262241
-36.400, 6709, 14032.096967988151579, -80.726040342133096242, -0.66748399222524625201, 2.2225568334076370962
-36.600, 6709, 14032.230479228413071, -81.170596990856960121, -0.66762920117438956944, 2.2230111015506532300
-36.800, 6709, 14032.364019987526059, -81.615245358516240369, -0.66777919377240559913, 2.2234740059341117465
-37.000, 6709, 14032.497591230116292, -82.059987162059676325, -0.66793404935772430842, 2.2239454425510720270
-37.200, 6709, 14032.631193936899725, -82.504824097026800156, -0.66809384947020730773, 2.2244253013177280358
-37.400, 6709, 14032.764829105108239, -82.949757836333434268, -0.66825867770394057142, 2.2249134660825002892
-37.600, 6709, 14032.898497748884988, -83.394790029059249274, -0.66842861955074280260, 2.2254098146375998496
-37.800, 6709, 14033.032200899647540, -83.839922299237907822, -0.66860376223455781743, 2.2259142187333766327
-38.000, 6709, 14033.165939606416991, -84.285156244650383961, -0.66878419453692293255, 2.2264265440957830738
-38.200, 6709, 14033.299714936111308, -84.730493435622115671, -0.66897000661372999224, 2.2269466504473016496
-38.400, 6709, 14033.433527973801163, -85.175935413824719537, -0.66916128980352135871, 2.2274743915317006974
-38.600, 6709, 14033.567379822926611, -85.621483691083070863, -0.66935813642758988239, 2.2280096151429972578
-38.800, 6709, 14033.701271605472988, -86.067139748188629556, -0.66956063958217953106, 2.2285521631590180956
-39.000, 6709, 14033.835204462104488, -86.512905033719971432, -0.66976889292311193505, 2.2291018715799604735
-39.200, 6709, 14033.969179552253935, -86.958780962871565735, -0.66998299044319353140, 2.2296585705723624748
-39.400, 6709, 14034.103198054167350, -87.404768916291922287, -0.67020302624278818085, 2.2302220845188985443
-39.600, 6709, 14034.237261164901978, -87.850870238932315160, -0.67042909429397098617, 2.2307922320744192701
-39.800, 6709, 14034.371370100276546, -88.297086238907373730, -0.67066128819871044275, 2.2313688262286551231
-40.000, 6709, 14034.505526094772600, -88.743418186368915696, -0.67089970094155786794, 2.2319516743760017465
-40.200, 6709, 14034.639730401385868, -89.189867312394479748, -0.67114442463735513176, 2.2325405783927993275
-40.400, 6709, 14034.773984291426714, -89.636434807892097309, -0.67139555027450388042, 2.2331353347225104588
-40.600, 6709, 14034.908289054268852, -90.083121822522922563, -0.67165316745437151764, 2.2337357344691896017
-40.800, 6709, 14035.042645997045603, -90.529929463643417223, -0.67191736412744098506, 2.2343415634996227161
-41.000, 6709, 14035.177056444293108, -90.976858795268860467, -0.67218822632684264231, 2.2349526025544977369
-41.200, 6709, 14035.311521737540043, -91.423910837060024532, -0.67246583789993705566, 2.2355686273689453220
-41.400, 6709, 14035.446043234843514, -91.871086563334921937, -0.67275028023864701428, 2.2361894088027646190
-41.600, 6709, 14035.580622310270953, -92.318386902107590509, -0.67304163200926534399, 2.2368147129806207183
-41.800, 6709, 14035.715260353327982, -92.765812734155936600, -0.67333996888249181135, 2.2374443014424689691
-42.000, 6709, 14035.849958768332382, -93.213364892120704538, -0.67364536326447732583, 2.2380779313044265065
-42.200, 6709, 14035.984718973734424, -93.661044159637680616, -0.67395788402967647125, 2.2387153554302732268
-42.400, 6709, 14036.119542401384034, -94.108851270505272328, -0.67427759625632984165, 2.2393563226137231690
-42.600, 6709, 14036.254430495745373, -94.556786907889627368, -0.67460456096541543254, 2.2400005777715629457
-42.800, 6709, 14036.389384713059642, -95.004851703569471539, -0.67493883486392316097, 2.2406478621477066848
-43.000, 6709, 14036.524406520457028, -95.453046237222849705, -0.67528047009331817683, 2.2412979135281670898
-43.200, 6709, 14036.659497395018949, -95.901371035757948622, -0.67562951398406671251, 2.2419504664668899341
-43.400, 6709, 14036.794658822791877, -96.349826572690164546, -0.67598600881710254108, 2.2426052525223448360
-43.600, 6709, 14036.929892297754218, -96.798413267567551473, -0.67634999159311243180, 2.2432620005047088086
-43.800, 6709, 14037.065199320737917, -97.247131485446747414, -0.67672149381051508667, 2.2439204367334211618
-44.000, 6709, 14037.200581398306581, -97.695981536421425895, -0.67710054125299971214, 2.2445802853048292150
-44.200, 6709, 14037.336040041592158, -98.144963675205257814, -0.67748715378747745841, 2.2452412683695843214
-44.400, 6709, 14037.471576765092300, -98.594078100771294626, -0.67788134517328130253, 2.2459031064193873240
-44.600, 6709, 14037.607193085430769, -99.043324956049597632, -0.67828312288342745675, 2.2465655185826221764
-44.800, 6709, 14037.742890520083362, -99.492704327684839865, -0.67869248793872397964, 2.2472282229283565109
-45.000, 6709, 14037.878670586072010, -99.942216245855496911, -0.67910943475547992657, 2.2478909367781288796
-45.200, 6709, 14038.014534798629834, -100.39186068415612116, -0.67953395100753110954, 2.2485533770248846984
-45.400, 6709, 14038.150484669840100, -100.84163755954406076, -0.67996601750325640231, 2.2492152604583670610
-45.600, 6709, 14038.286521707252121, -101.29154673235184032, -0.68040560807821162560, 2.2498763040962150332
-45.800, 6709, 14038.422647412477305, -101.74158800636626600, -0.68085268950395652972, 2.2505362255199712618
-46.000, 6709, 14038.558863279768625, -102.19176112897515287, -0.68130722141359445168, 2.2511947432151531972
-46.200, 6709, 14038.695170794586910, -102.64206579138239914, -0.68176915624448410397, 2.2518515769144983809
-46.400, 6709, 14038.831571432157427, -103.09250162889194974, -0.68223843919851894070, 2.2525064479434545230
-46.600, 6709, 14038.968066656020307, -103.54306822126100218, -0.68271500822030197532, 2.2531590795669498939
-46.800, 6709, 14039.104657916578415, -103.99376509312261203, -0.68319879399347316869, 2.2538091973364492520
-47.000, 6709, 14039.241346649646313, -104.44459171447765314, -0.68368971995537298028, 2.2544565294362754731
-47.200, 6709, 14039.378134275004009, -104.89554750125588241, -0.68418770233014983040, 2.2551008070281575351
-47.400, 6709, 14039.515022194959164, -105.34663181594564907, -0.68469265018034154128, 2.2557417645929518086
-47.600, 6709, 14039.652011792921469, -105.79784396829157721, -0.68520446547688182085, 2.2563791402684759157
-47.800, 6709, 14039.789104431992847, -106.24918321605933772, -0.68572304318740306042, 2.2570126761823929214
-48.000, 6709, 14039.926301453577133, -106.70064876586641403, -0.68624827138262668984, 2.2576421187790884042
-48.200, 6709, 14040.063604176012818, -107.15223977407755516, -0.68678003136055263518, 2.2582672191394940938
-48.400, 6709, 14040.201013893232381, -107.60395534776340221, -0.68731819778808062778, 2.2588877332928292357
-48.600, 6709, 14040.338531873451649, -108.05579454572057099, -0.68786263885961879043, 2.2595034225192546074
-48.800, 6709, 14040.476159357892536, -108.50775637955127512, -0.68841321647215964270, 2.2601140536424640338
-49.000, 6709, 14040.613897559542398, -108.95983981480038258, -0.68896978641623097749, 2.2607193993112741674
-49.200, 6709, 14040.751747661953104, -109.41204377214761491, -0.68953219858205949797, 2.2613192382693149712
-49.400, 6709, 14040.889710818082814, -109.86436712865242322, -0.69010029718021918152, 2.2619133556119704937
-49.600, 6709, 14041.027788149183253, -110.31680871904891052, -0.69067392097597453305, 2.2625015430297718180
-49.800, 6709, 14041.165980743735165, -110.76936733708801550, -0.69125290353647165126, 2.2630835990375011137
-50.000, 6709, 14041.304289656434413, -111.22204173692403106, -0.69183707348987776138, 2.2636593291883271065
-50.200, 6709, 14041.442715907231021, -111.67483063454240143, -0.69242625479552292705, 2.2642285462723575372
-50.400, 6709, 14041.581260480423261, -112.12773270922562527, -0.69302026702405635377, 2.2647910704990628106
-50.600, 6709, 14041.719924323808695, -112.58074660505399053, -0.69361892564659429541, 2.2653467296630965226
-50.800, 6709, 14041.858708347893853, -113.03387093243777917, -0.69422204233180728018, 2.2658953592931123413
-51.000, 6709, 14041.997613425164029, -113.48710426967750704, -0.69482942524987133151, 2.2664368027832522587
-51.200, 6709, 14042.136640389414473, -113.94044516454870737, -0.69544087938219116541, 2.2669709115070579449
-51.400, 6709, 14042.275790035144006, -114.39389213590772379, -0.69605620683579303469, 2.2674975449136342550
-51.600, 6709, 14042.415063117011886, -114.84744367531495297, -0.69667520716128093912, 2.2680165706059712965
-51.800, 6709, 14042.554460349358538, -115.30109824867196538, -0.69729767767325225396, 2.2685278644014082940
-52.000, 6709, 14042.693982405790515, -115.75485429786893739, -0.69792341377207731490, 2.2690313103742982480
-52.200, 6709, 14042.833629918829863, -116.20871024243884679, -0.69855220926596195414, 2.2695268008810065529
-52.400, 6709, 14042.973403479627839, -116.66266448121491803, -0.69918385669223218070, 2.2700142365674488086
-52.600, 6709, 14043.113303637742719, -117.11671539398785116, -0.69981814763680586200, 2.2704935263594425768
-52.800, 6709, 14043.253330900981240, -117.57086134315943053, -0.70045487305084708091, 2.2709645874362143461
-53.000, 6709, 14043.393485735303003, -118.02510067538918355, -0.70109382356363445950, 2.2714273451874660979
-53.200, 6709, 14043.533768564787003, -118.47943172323084686, -0.70173478979071477848, 2.2718817331544652465
-53.400, 6709, 14043.674179771659231, -118.93385280675549573, -0.70237756263645726952, 2.2723276929556770492
-53.600, 6709, 14043.814719696380173, -119.38836223515830120, -0.70302193359017158954, 2.2727651741975095854
-53.800, 6709, 14043.955388637790806, -119.84295830834599857, -0.70366769501500325482, 2.2731941343707878616
-54.000, 6709, 14044.096186853315603, -120.29763931850227813, -0.70431464042887376507, 2.2736145387336153421
-54.200, 6709, 14044.237114559220867, -120.75240355162844453, -0.70496256477678832105, 2.2740263601813181056
-54.400, 6709, 14044.378171930926610, -121.20724928905683376, -0.70561126469389147324, 2.2744295791041988082
-54.600, 6709, 14044.519359103370076, -121.66217480893462434, -0.70626053875870977569, 2.2748241832338546506
-54.800, 6709, 14044.660676171418886, -122.11717838767583324, -0.70691018773608011037, 2.2752101674788356186
-55.000, 6709, 14044.802123190331698, -122.57225830137944334, -0.70756001480932235585, 2.2755875337504364318
-55.200, 6709, 14044.943700176264195, -123.02741282721176976, -0.70820982580127508118, 2.2759562907794279893
-55.400, 6709, 14045.085407106818143, -123.48264024475133423, -0.70885942938387255152, 2.2763164539245417600
-55.600, 6709, 14045.227243921631192, -123.93793883729467958, -0.70950863727600015773, 2.2766680449735236889
-55.800, 6709, 14045.369210523005056, -124.39330689312172001, -0.71015726442942307802, 2.2770110919375729654
-56.000, 6709, 14045.511306776569681, -124.84874270671938517, -0.71080512920263921846, 2.2773456288399756258
-56.200, 6709, 14045.653532511980960, -125.30424457996247721, -0.71145205352256196719, 2.2776716954997336920
-56.400, 6709, 14045.795887523649569, -125.75981082325081900, -0.71209786303399076684, 2.2779893373109776143
-56.600, 6709, 14045.938371571498472, -126.21543975660192771, -0.71274238723687772679, 2.2782986050189334648
-56.800, 6709, 14046.080984381746666, -126.67112971069859994, -0.71338545961144625795, 2.2785995544931969059
-57.000, 6709, 14046.223725647716743, -127.12687902789094358, -0.71402691773126284396, 2.2788922464990437023
-57.200, 6709, 14046.366595030663870, -127.58268606315253419, -0.71466660336440542346, 2.2791767464674817734
-57.400, 6709, 14046.509592160623833, -128.03854918499051279, -0.71530436256291133613, 2.2794531242647227681
-57.600, 6709, 14046.652716637277811, -128.49446677630957426, -0.71594004574072429752, 2.2797214539617221930
-57.800, 6709, 14046.795968030831612, -128.95043723522992232, -0.71657350774039336084, 2.2799818136044065268
-58.000, 6709, 14046.939345882907150, -129.40645897585938791, -0.71720460788880726873, 2.2802342849851737845
-58.200, 6709, 14047.082849707443993, -129.86253042902002131, -0.71783321004227499190, 2.2804789534162209419
-58.400, 6709, 14047.226478991608896, -130.31865004292957607, -0.71845918262128761406, 2.2807159075052177520
-58.600, 6709, 14047.370233196711276, -130.77481628383840307, -0.71908239863531809533, 2.2809452389338120385
-58.800, 6709, 14047.514111759122688, -131.23102763662236655, -0.71970273569803388944, 2.2811670422394167775
-59.000, 6709, 14047.658114091198419, -131.68728260533248068, -0.72032007603331298149, 2.2813814146006944040
-59.200, 6709, 14047.802239582199389, -132.14357971370204471, -0.72093430647246674590, 2.2815884556271190151
-59.400, 6709, 14047.946487599212663, -132.59991750561212750, -0.72154531844308320484, 2.2817882671529626875
-59.600, 6709, 14048.090857488068922, -133.05629454551631805, -0.72215300794991191398, 2.2819809530360181534
-59.800, 6709, 14048.235348574255354, -133.51270941882571763, -0.72275727554821694101, 2.2821666189613367586
-60.000, 6709, 14048.379960163822494, -133.96916073225520192, -0.72335802631002736909, 2.2823453722502281010
-60.200, 6709, 14048.524691544283645, -134.42564711413202736, -0.72395516978371559163, 2.2825173216747361428
-60.400, 6709, 14048.669541985505580, -134.88216721466789602, -0.72454861994733251151, 2.2826825772777760287
-60.600, 6709, 14048.814510740589323, -135.33871970619562692, -0.72513829515612576463, 2.2828412501990864101
-60.800, 6709, 14048.959597046739887, -135.79530328337161033, -0.72572411808466240190, 2.2829934525071238660
-61.000, 6709, 14049.104800126123930, -136.25191666334524350, -0.72630601566397123495, 2.2831392970369990827
-61.200, 6709, 14049.250119186714380, -136.70855858589656430, -0.72688391901411242418, 2.2832788972345288665
-61.400, 6709, 14049.395553423121146, -137.16522781354331118, -0.72745776337257300897, 2.2834123670064538505
-61.600, 6709, 14049.541102017407124, -137.62192313161864561, -0.72802748801887708895, 2.2835398205768489544
-61.800, 6709, 14049.686764139888778, -138.07864334832077663, -0.72859303619578839921, 2.2836613723497322722
-62.000, 6709, 14049.832538949920653, -138.53538729473572590, -0.72915435502747121328, 2.2837771367778581074
-62.200, 6709, 14049.978425596663242, -138.99215382483446724, -0.72971139543496298134, 2.2838872282376613462
-62.400, 6709, 14050.124423219833713, -139.44894181544566613, -0.73026411204929898831, 2.2839917609103032396
-62.600, 6709, 14050.270530950439048, -139.90575016620523317, -0.73081246312261571074, 2.2840908486687529359
-62.800, 6709, 14050.416747911491226, -140.36257779948389087, -0.73135641043754557053, 2.2841846049708247416
-63.000, 6709, 14050.563073218704147, -140.81942366029393577, -0.73189591921520152729, 2.2842731427580780490
-63.200, 6709, 14050.709505981172026, -141.27628671617635824, -0.73243095802203551393, 2.2843565743604751277
-63.400, 6709, 14050.856045302029077, -141.73316595706946003, -0.73296149867584018746, 2.2844350114066814725
-63.600, 6709, 14051.002690279090325, -142.19006039516008591, -0.73348751615114891935, 2.2845085647398841051
-63.800, 6709, 14051.149440005473465, -142.64696906471855964, -0.73400898848427445945, 2.2845773443389950710
-64.000, 6709, 14051.296293570201708, -143.10389102191838771, -0.73452589667821233991, 2.2846414592451003211
-64.200, 6709, 14051.443250058787611, -143.56082534464176517, -0.73503822460762090104, 2.2847010174930081516
-64.400, 6709, 14051.590308553797931, -144.01777113227188864, -0.73554595892407587189, 2.2847561260477463462
-64.600, 6709, 14051.737468135399572, -144.47472750547305071, -0.73604908896178377107, 2.2848068907458530667
-64.800, 6709, 14051.884727881886727, -144.93169360595945871, -0.73654760664392505042, 2.2848534162413033076
-65.000, 6709, 14052.032086870189381, -145.38866859625368902, -0.73704150638978491889, 2.2848958059559103177
-65.200, 6709, 14052.179544176363312, -145.84565165943565557, -0.73753078502281718881, 2.2849341620340397372
-65.400, 6709, 14052.327098876061828, -146.30264199888293894, -0.73801544167977430506, 2.2849685853014732481
-65.600, 6709, 14052.474750044989430, -146.75963883800328941, -0.73849547772102497148, 2.2849991752282582331
-65.800, 6709, 14052.622496759337680, -147.21664141996008502, -0.73897089664216949354, 2.2850260298953802346
-66.000, 6709, 14052.770338096203519, -147.67364900739149284, -0.73944170398705212492, 2.2850492459650958421
-66.200, 6709, 14052.918273133990348, -148.13066088212404938, -0.73990790726225934674, 2.2850689186547649772
-66.400, 6709, 14053.066300952792146, -148.58767634488134418, -0.74036951585318312648, 2.2850851417140233233
-66.600, 6709, 14053.214420634760982, -149.04469471498845874, -0.74082654094171880291, 2.2850980074051378405
-66.800, 6709, 14053.362631264458223, -149.50171533007278199, -0.74127899542565832140, 2.2851076064863908454
-67.000, 6709, 14053.510931929189795, -149.95873754576179276, -0.74172689383983109962, 2.2851140281983410065
-67.200, 6709, 14053.659321719325859, -150.41576073537836972, -0.74217025227903683041, 2.2851173602528127451
-67.400, 6709, 14053.807799728605245, -150.87278428963415998, -0.74260908832280702034, 2.2851176888244689190
-67.600, 6709, 14053.956365054425034, -151.32980761632150861, -0.74304342096202501030, 2.2851150985448252605
-67.800, 6709, 14054.105016798115645, -151.78683014000442386, -0.74347327052742761762, 2.2851096724985688083
-68.000, 6709, 14054.253754065201812, -152.24385130170902516, -0.74389865862000536739, 2.2851014922220464891
-68.200, 6709, 14054.402575965649837, -152.70087055861389507, -0.74431960804331252965, 2.2850906377037940348
-68.400, 6709, 14054.551481614101491, -153.15788738374073048, -0.74473614273769283748, 2.2850771873869795455
-68.600, 6709, 14054.700470130094958, -153.61490126564566390, -0.74514828771642181300, 2.2850612181736401988
-68.800, 6709, 14054.849540638273188, -154.07191170811160153, -0.74555606900376205994, 2.2850428054305948402
-69.000, 6709, 14054.998692268580067, -154.52891822984190200, -0.74595951357492367779, 2.2850220229969194528
-69.200, 6709, 14055.147924156444755, -154.98592036415569745, -0.74635864929791809799, 2.2849989431928767699
-69.400, 6709, 14055.297235442954588, -155.44291765868513713, -0.74675350487729012115, 2.2849736368301955531
-69.600, 6709, 14055.446625275016920, -155.89990967507481345, -0.74714410979970973173, 2.2849461732235992914
-69.800, 6709, 14055.596092805510249, -156.35689598868361074, -0.74753049428140236537, 2.2849166202034882710
-70.000, 6709, 14055.745637193425035, -156.81387618828919797, -0.74791268921739369054, 2.2848850441296831105
-70.200, 6709, 14055.895257603994523, -157.27084987579536903, -0.74829072613254262386, 2.2848515099061419397
-70.400, 6709, 14056.044953208815968, -157.72781666594241680, -0.74866463713433421292, 2.2848160809965674116
-70.600, 6709, 14056.194723185962579, -158.18477618602071086, -0.74903445486740217647, 2.2847788194408236749
-70.800, 6709, 14056.344566720086545, -158.64172807558763330, -0.74940021246974927576, 2.2847397858720872795
-71.000, 6709, 14056.494483002513469, -159.09867198618801199, -0.74976194353063228777, 2.2846990395346597481
-71.200, 6709, 14056.644471231328543, -159.55560758107817680, -0.75011968205007714801, 2.2846566383023732057
-71.400, 6709, 14056.794530611454788, -160.01253453495375084, -0.75047346239998881446, 2.2846126386975240203
-71.600, 6709, 14056.944660354723670, -160.46945253368127599, -0.75082331928681956167, 2.2845670959102728628
-71.800, 6709, 14057.094859679938402, -160.92636127403376029, -0.75116928771575873383, 2.2845200638184529445
-72.000, 6709, 14057.245127812930239, -161.38326046343022314, -0.75151140295640645516, 2.2844715950077314301
-72.200, 6709, 14057.395463986608043, -161.84014981967930371, -0.75184970050989340467, 2.2844217407920721569
-72.400, 6709, 14057.545867441001421, -162.29702907072698805, -0.75218421607740849934, 2.2843705512344508082
-72.600, 6709, 14057.696337423297705, -162.75389795440850050, -0.75251498553009618428, 2.2843180751677766014
-72.800, 6709, 14057.846873187873041, -163.21075621820439654, -0.75284204488028499221, 2.2842643602159773483
-73.000, 6709, 14057.997473996317860, -163.66760361900088559, -0.75316543025400909655, 2.2842094528152074352
-73.200, 6709, 14058.148139117456976, -164.12443992285440449, -0.75348517786478473531, 2.2841533982351408496
-73.400, 6709, 14058.298867827364558, -164.58126490476045518, -0.75380132398860361802, 2.2840962406003138547
-73.600, 6709, 14058.449659409374228, -165.03807834842671303, -0.75411390494010573702, 2.2840380229114842787
-73.800, 6709, 14058.600513154084499, -165.49488004605040618, -0.75442295704989438115, 2.2839787870669766476
-74.000, 6709, 14058.751428359359796, -165.95166979809996003, -0.75472851664295658600, 2.2839185738839845553
-74.200, 6709, 14058.902404330327259, -166.40844741310089574, -0.75503062001815274556, 2.2838574231198037214
-74.400, 6709, 14059.053440379369559, -166.86521270742596634, -0.75532930342873964783, 2.2837953734929711541
-74.600, 6709, 14059.204535826113907, -167.32196550508950933, -0.75562460306389177676, 2.2837324627042877064
-74.800, 6709, 14059.355689997417477, -167.77870563754599046, -0.75591655503118633990, 2.2836687274577030858
-75.000, 6709, 14059.506902227349404, -168.23543294349270904, -0.75620519534001812931, 2.2836042034810440744
-75.200, 6709, 14059.658171857169574, -168.69214726867663182, -0.75649055988591099918, 2.2835389255465683098
-75.400, 6709, 14059.809498235304345, -169.14884846570531875, -0.75677268443569344227, 2.2834729274913275008
-75.600, 6709, 14059.960880717319400, -169.60553639386190114, -0.75705160461350646531, 2.2834062422373253877
-75.800, 6709, 14060.112318665889875, -170.06221091892406976, -0.75732735588761269662, 2.2833389018114571146
-76.000, 6709, 14060.263811450767929, -170.51887191298702793, -0.75759997355797640490, 2.2832709373652179693
-76.200, 6709, 14060.415358448747906, -170.97551925429036237, -0.75786949274458486264, 2.2832023791941706535
-76.400, 6709, 14060.566959043629230, -171.43215282704878257, -0.75813594837648224838, 2.2831332567571613945
-76.600, 6709, 14060.718612626177175, -171.88877252128667751, -0.75839937518148804685, 2.2830635986952762792
-76.800, 6709, 14060.870318594081652, -172.34537823267643707, -0.75865980767657267149, 2.2829934328505302101
-77.000, 6709, 14061.022076351914125, -172.80196986238048386, -0.75891728015886379952, 2.2829227862842818285
-77.200, 6709, 14061.173885311082796, -173.25854731689696023, -0.75917182669725767162, 2.2828516852953686470
-77.400, 6709, 14061.325744889786167, -173.71511050790901384, -0.75942348112461036655, 2.2827801554379574666
-77.600, 6709, 14061.477654512965097, -174.17165935213762453, -0.75967227703048481294, 2.2827082215391059405
-77.800, 6709, 14061.629613612253468, -174.62819377119791433, -0.75991824775443004461, 2.2826359077160318767
-78.000, 6709, 14061.781621625927545, -175.08471369145888183, -0.76016142637976994203, 2.2825632373930875571
-78.200, 6709, 14061.933677998854155, -175.54121904390650177, -0.76040184572787942804, 2.2824902333184369872
-78.400, 6709, 14062.085782182437764, -175.99770976401013027, -0.76063953835292680128, 2.2824169175804345870
-78.600, 6709, 14062.237933634566545, -176.45418579159215579, -0.76087453653706159419, 2.2823433116237043838
-78.800, 6709, 14062.390131819557533, -176.91064707070083600, -0.76110687228602803354, 2.2822694362649192809
-79.000, 6709, 14062.542376208100934, -177.36709354948626049, -0.76133657732518485929, 2.2821953117082804522
-79.200, 6709, 14062.694666277203684, -177.82352518007937939, -0.76156368309591292203, 2.2821209575606973525
-79.400, 6709, 14062.847001510132327, -178.27994191847403818, -0.76178822075239262966, 2.2820463928466692373
-79.600, 6709, 14062.999381396355282, -178.73634372441195898, -0.76201022115873394962, 2.2819716360228694625
-79.800, 6709, 14063.151805431484567, -179.19273056127060917, -0.76222971488644229427, 2.2818967049924341771
-80.000, 6709, 14063.304273117217055, -179.64910239595389834, -0.76244673221220422303, 2.2818216171189573368
-80.200, 6709, 14063.456783961275313, -180.10545919878564500, -0.76266130311597748601, 2.2817463892401942578
-80.400, 6709, 14063.609337477348087, -180.56180094340575518, -0.76287345727937050959, 2.2816710376814761892
-80.600, 6709, 14063.761933185030498, -181.01812760666905511, -0.76308322408429698465, 2.2815955782688386264
-80.800, 6709, 14063.914570609763987, -181.47443916854672132, -0.76329063261189176352, 2.2815200263418663015
-81.000, 6709, 14064.067249282776072, -181.93073561203025160, -0.76349571164167480141, 2.2814443967662579851
-81.200, 6709, 14064.219968741019962, -182.38701692303792116, -0.76369848965095039250, 2.2813687039461144079
-81.400, 6709, 14064.372728527114072, -182.84328309032366906, -0.76389899481442945070, 2.2812929618359527703
-81.600, 6709, 14064.525528189281484, -183.29953410538836036, -0.76409725500406306909, 2.2812171839524514456
-81.800, 6709, 14064.678367281289395, -183.75576996239337068, -0.76429329778907606216, 2.2811413833859286091
-82.000, 6709, 14064.831245362388593, -184.21199065807644011, -0.76448715043618964957, 2.2810655728115586317
-82.200, 6709, 14064.984161997252989, -184.66819619166974457, -0.76467883991002288103, 2.2809897645003301709
-82.400, 6709, 14065.137116755919257, -185.12438656482013318, -0.76486839287366282814, 2.2809139703297499748
-82.600, 6709, 14065.290109213726593, -185.58056178151148143, -0.76505583568939398138, 2.2808382017942964797
-82.800, 6709, 14065.443138951256643, -186.03672184798911034, -0.76524119441957768935, 2.2807624700156273419
-83.000, 6709, 14065.596205554273614, -186.49286677268622283, -0.76542449482767286246, 2.2806867857525450890
-83.200, 6709, 14065.749308613664612, -186.94899656615230943, -0.76560576237938953555, 2.2806111594107251100
-83.400, 6709, 14065.902447725380216, -187.40511124098347619, -0.76578502224396724300, 2.2805356010522102339
-83.600, 6709, 14066.055622490375320, -187.86121081175464847, -0.76596229929557050692, 2.2804601204046761607
-83.800, 6709, 14066.208832514550268, -188.31729529495360527, -0.76613761811479407296, 2.2803847268704720208
-84.000, 6709, 14066.362077408692299, -188.77336470891679961, -0.76631100299027085132, 2.2803094295354403406
-84.200, 6709, 14066.515356788417326, -189.22941907376692107, -0.76648247792037583079, 2.2802342371775206878
-84.400, 6709, 14066.668670274112056, -189.68545841135215791, -0.76665206661501953356, 2.2801591582751412603
-84.600, 6709, 14066.822017490876490, -190.14148274518711657, -0.76681979249752486659, 2.2800842010154026638
-84.800, 6709, 14066.975398068466797, -190.59749210039535756, -0.76698567870658150328, 2.2800093733020581047
-85.000, 6709, 14067.128811641238588, -191.05348650365350732, -0.76714974809827219620, 2.2799346827632941969
-85.200, 6709, 14067.282257848090605, -191.50946598313690669, -0.76731202324816567891, 2.2798601367593165487
-85.400, 6709, 14067.435736332408829, -191.96543056846675731, -0.76747252645347106200, 2.2797857423897442656
-85.600, 6709, 14067.589246742011033, -192.42138029065872817, -0.76763127973524886654, 2.2797115065008174608
-85.800, 6709, 14067.742788729091775, -192.87731518207298524, -0.76778830484067406618, 2.2796374356924218271
-86.000, 6709, 14067.896361950167851, -193.33323527636560814, -0.76794362324534672920, 2.2795635363249342789
-86.200, 6709, 14068.049966066024215, -193.78914060844135834, -0.76809725615564606240, 2.2794898145258936231
-86.400, 6709, 14068.203600741660376, -194.24503121440776427, -0.76824922451112386134, 2.2794162761965001711
-86.600, 6709, 14068.357265646237269, -194.70090713153048965, -0.76839954898693356594, 2.2793429270179481490
-86.800, 6709, 14068.510960453024629, -195.15676839818995190, -0.76854824999629130694, 2.2792697724575947131
-87.000, 6709, 14068.664684839348844, -195.61261505383915820, -0.76869534769296550788, 2.2791968177749693181
-87.200, 6709, 14068.818438486541324, -196.06844713896272796, -0.76884086197379177877, 2.2791240680276271325
-87.400, 6709, 14068.972221079887360, -196.52426469503707052, -0.76898481248121000260, 2.2790515280768501352
-87.600, 6709, 14069.126032308575508, -196.98006776449168821, -0.76912721860582067331, 2.2789792025931994693
-87.800, 6709, 14069.279871865647472, -197.43585639067157529, -0.76926809948895769549, 2.2789070960619225692
-88.000, 6709, 14069.433739447948512, -197.89163061780068410, -0.76940747402527500077, 2.2788352127882185173
-88.200, 6709, 14069.587634756078369, -198.34739049094643032, -0.76954536086534447483, 2.2787635569023650231
-88.400, 6709, 14069.741557494342704, -198.80313605598521015, -0.76968177841826282178, 2.2786921323647103594
-88.600, 6709, 14069.895507370705071, -199.25886735956890260, -0.76981674485426512024, 2.2786209429705335273
-88.800, 6709, 14070.049484096739401, -199.71458444909233088, -0.76995027810734294687, 2.2785499923547758573
-89.000, 6709, 14070.203487387583018, -200.17028737266165761, -0.77008239587786505992, 2.2784792839966471983
-89.200, 6709, 14070.357516961890175, -200.62597617906368888, -0.77021311563519874698, 2.2784088212241097765
-89.400, 6709, 14070.511572541786119, -201.08165091773606315, -0.77034245462033004736, 2.2783386072182427521
-89.600, 6709, 14070.665653852821671, -201.53731163873830138, -0.77047042984848116194, 2.2782686450174904354
-89.800, 6709, 14070.819760623928341, -201.99295839272369540, -0.77059705811172346052, 2.2781989375217970652
-90.000, 6709, 14070.973892587373953, -202.44859123091201213, -0.77072235598158458974, 2.2781294874966309904
-90.200, 6709, 14071.128049478718800, -202.90421020506299184, -0.77084633981164827408, 2.2780602975769010381
-90.400, 6709, 14071.282231036772314, -203.35981536745061905, -0.77096902574014548671, 2.2779913702707677887
-90.600, 6709, 14071.436437003550251, -203.81540677083814552, -0.77109042969253574888, 2.2779227079633524210
-90.800, 6709, 14071.590667124232400, -204.27098446845384484, -0.77121056738407739318, 2.2778543129203457340
-91.000, 6709, 14071.744921147120789, -204.72654851396747918, -0.77132945432238570072, 2.2777861872915198889
-91.200, 6709, 14071.899198823598423, -205.18209896146745881, -0.77144710580997789197, 2.2777183331141453647
-91.400, 6709, 14072.053499908088507, -205.63763586543867571, -0.77156353694680401905, 2.2776507523163155586
-91.600, 6709, 14072.207824158014192, -206.09315928074099315, -0.77167876263276287058, 2.2775834467201814100
-91.800, 6709, 14072.362171333758811, -206.54866926258837329, -0.77179279757020206201, 2.2775164180450983722
-92.000, 6709, 14072.516541198626619, -207.00416586652862567, -0.77190565626640154210, 2.2774496679106880002
-92.200, 6709, 14072.670933518804024, -207.45964914842375963, -0.77201735303603980193, 2.2773831978398163719
-92.400, 6709, 14072.825348063321316, -207.91511916443092429, -0.77212790200364212550, 2.2773170092614915066
-92.600, 6709, 14072.979784604014877, -208.37057597098392011, -0.77223731710601027146, 2.2772511035136818934
-92.800, 6709, 14073.134242915489877, -208.82601962477526638, -0.77234561209463302309, 2.2771854818460581923
-93.000, 6709, 14073.288722775083453, -209.28145018273880961, -0.77245280053807708950, 2.2771201454226601214
-93.200, 6709, 14073.443223962828359, -209.73686770203285790, -0.77255889582435788395, 2.2770550953244904931
-93.400, 6709, 14073.597746261417097, -210.19227224002382708, -0.77266391116328974673, 2.2769903325520383167
-93.600, 6709, 14073.752289456166501, -210.64766385427038448, -0.77276785958881521874, 2.2769258580277328370
-93.800, 6709, 14073.906853334982801, -211.10304260250807674, -0.77287075396131300955, 2.2768616725983303315
-94.000, 6709, 14074.061437688327140, -211.55840854263442843, -0.77297260696988433844, 2.2767977770372354460
-94.200, 6709, 14074.216042309181537, -212.01376173269449856, -0.77307343113461736091, 2.2767341720467588021
-94.400, 6709, 14074.370666993015317, -212.46910223086688232, -0.77317323880882942454, 2.2766708582603125673
-94.600, 6709, 14074.525311537751979, -212.92443009545014594, -0.77327204218128692851, 2.2766078362445456381
-94.800, 6709, 14074.679975743736499, -213.37974538484968258, -0.77336985327840258926, 2.2765451065014200408
-95.000, 6709, 14074.834659413703084, -213.83504815756497788, -0.77346668396640994236, 2.2764826694702301189
-95.200, 6709, 14074.989362352743349, -214.29033847217727366, -0.77356254595351493569, 2.2764205255295660325
-95.400, 6709, 14075.144084368274925, -214.74561638733761888, -0.77365745079202449370, 2.2763586749992230583
-95.600, 6709, 14075.298825270010490, -215.20088196175529726, -0.77375140988045195522, 2.2762971181420581397
-95.800, 6709, 14075.453584869927220, -215.65613525418662087, -0.77384443446559930922, 2.2762358551657951002
-96.000, 6709, 14075.608362982236650, -216.11137632342407996, -0.77393653564461617292, 2.2761748862247798967
-96.200, 6709, 14075.763159423354950, -216.56660522828583879, -0.77402772436703547671, 2.2761142114216872529
-96.400, 6709, 14075.917974011873605, -217.02182202760556810, -0.77411801143678583777, 2.2760538308091799800
-96.600, 6709, 14076.072806568530489, -217.47702678022260481, -0.77420740751418062221, 2.2759937443915222559
-96.800, 6709, 14076.227656916181342, -217.93221954497242990, -0.77429592311788371131, 2.2759339521261481037
-97.000, 6709, 14076.382524879771633, -218.38740038067745558, -0.77438356862685200281, 2.2758744539251862752
-97.200, 6709, 14076.537410286308813, -218.84256934613811314, -0.77447035428225469265, 2.2758152496569427148
-97.400, 6709, 14076.692312964834947, -219.29772650012423323, -0.77455629018936939599, 2.2757563391473417497
-97.600, 6709, 14076.847232746399719, -219.75287190136671029, -0.77464138631945517890, 2.2756977221813271193
-97.800, 6709, 14077.002169464033822, -220.20800560854944326, -0.77472565251160258422, 2.2756393985042239300
-98.000, 6709, 14077.157122952722700, -220.66312768030154488, -0.77480909847456074607, 2.2755813678230625918
-98.200, 6709, 14077.312093049380663, -221.11823817518981205, -0.77489173378854169779, 2.2755236298078657654
-98.400, 6709, 14077.467079592825360, -221.57333715171144996, -0.77497356790700198824, 2.2754661840928993205
-98.600, 6709, 14077.622082423752601, -222.02842466828704293, -0.77505461015840173000, 2.2754090302778882819
-98.800, 6709, 14077.777101384711533, -222.48350078325376494, -0.77513486974794121174, 2.2753521679291987100
-99.000, 6709, 14077.932136320080163, -222.93856555485882332, -0.77521435575927521508, 2.2752955965809864423
-99.200, 6709, 14078.087187076041212, -223.39361904125312882, -0.77529307715620518305, 2.2752393157363135917
-99.400, 6709, 14078.242253500558318, -223.84866130048518595, -0.77537104278434939475, 2.2751833248682336801
-99.600, 6709, 14078.397335443352561, -224.30369239049519719, -0.77544826137279130651, 2.2751276234208462568
-99.800, 6709, 14078.552432755879318, -224.75871236910937517, -0.77552474153570622607, 2.2750722108103218309
-100.00, 6709, 14078.707545291305448, -225.21372129403445698, -0.77560049177396649134, 2.2750170864258979259
-100.20, 6709, 14078.862672904486783, -225.66871922285241481, -0.77567552047672533053, 2.2749622496308470395
-100.40, 6709, 14079.017815451945946, -226.12370621301535744, -0.77574983592297958467, 2.2749076997634172752
-100.60, 6709, 14079.172972791850471, -226.57868232184061724, -0.77582344628311147783, 2.2748534361377463861
-100.80, 6709, 14079.328144783991236, -227.03364760650601731, -0.77589635962040962405, 2.2747994580447499574
-101.00, 6709, 14079.483331289761190, -227.48860212404531377, -0.77596858389256946330, 2.2747457647529844301
-101.20, 6709, 14079.638532172134388, -227.94354593134380820, -0.77604012695317332202, 2.2746923555094856505
-101.40, 6709, 14079.793747295645310, -228.39847908513412539, -0.77611099655315029628, 2.2746392295405836134
-101.60, 6709, 14079.948976526368476, -228.85340164199215169, -0.77618120034221615835, 2.2745863860526940469
-101.80, 6709, 14080.104219731898349, -229.30831365833312942, -0.77625074587029348928, 2.2745338242330874695
-102.00, 6709, 14080.259476781329512, -229.76321519040790297, -0.77631964058891224220, 2.2744815432506363346
-102.20, 6709, 14080.414747545237130, -230.21810629429931203, -0.77638789185259094272, 2.2744295422565408581
-102.40, 6709, 14080.570031895657686, -230.67298702591872807, -0.77645550692019873384, 2.2743778203850341118
-102.60, 6709, 14080.725329706069982, -231.12785744100272968, -0.77652249295629847439, 2.2743263767540669483
-102.80, 6709, 14080.880640851376414, -231.58271759510991302, -0.77658885703247110072, 2.2742752104659733051
-103.00, 6709, 14081.035965207884504, -232.03756754361783332, -0.77665460612862146194, 2.2742243206081164268
-103.20, 6709, 14081.191302653288694, -232.49240734172007390, -0.77671974713426583992, 2.2741737062535165224
-103.40, 6709, 14081.346653066652398, -232.94723704442343872, -0.77678428684980136536, 2.2741233664614603676
-103.60, 6709, 14081.502016328390302, -233.40205670654526524, -0.77684823198775754146, 2.2740733002780933425
-103.80, 6709, 14081.657392320250912, -233.85686638271085394, -0.77691158917403008670, 2.2740235067369943850
-104.00, 6709, 14081.812780925299354, -234.31166612735101107, -0.77697436494909730844, 2.2739739848597343271
-104.20, 6709, 14081.968182027900406, -234.76645599469970156, -0.77703656576921921812, 2.2739247336564180667
-104.40, 6709, 14082.123595513701775, -235.22123603879180874, -0.77709819800761959929, 2.2738757521262110167
-104.60, 6709, 14082.279021269617608, -235.67600631346099779, -0.77715926795565123826, 2.2738270392578502611
-104.80, 6709, 14082.434459183812230, -236.13076687233767993, -0.77721978182394452732, 2.2737785940301408357
-105.00, 6709, 14082.589909145684114, -236.58551776884707449, -0.77727974574353964914, 2.2737304154124375398
-105.20, 6709, 14082.745371045850076, -237.04025905620736579, -0.77733916576700255039, 2.2736825023651126739
-105.40, 6709, 14082.900844776129688, -237.49499078742795235, -0.77739804786952491154, 2.2736348538400100885
-105.60, 6709, 14083.056330229529917, -237.94971301530778541, -0.77745639795000831882, 2.2735874687808859180
-105.80, 6709, 14083.211827300229966, -238.40442579243379445, -0.77751422183213284307, 2.2735403461238363635
-106.00, 6709, 14083.367335883566343, -238.85912917117939689, -0.77757152526541022914, 2.2734934847977128783
-106.20, 6709, 14083.522855876018126, -239.31382320370308965, -0.77762831392622189801, 2.2734468837245251011
-106.40, 6709, 14083.678387175192443, -239.76850794194712006, -0.77768459341884196272, 2.2734005418198318718
-106.60, 6709, 14083.833929679810151, -240.22318343763623387, -0.77774036927644545740, 2.2733544579931206551
-106.80, 6709, 14083.989483289691712, -240.67784974227649795, -0.77779564696210197757, 2.2733086311481756896
-107.00, 6709, 14084.145047905743276, -241.13250690715419555, -0.77785043186975492817, 2.2732630601834351717
-107.20, 6709, 14084.300623429942949, -241.58715498333479192, -0.77790472932518657411, 2.2732177439923377719
-107.40, 6709, 14084.456209765327255, -242.04179402166196819, -0.77795854458696908671, 2.2731726814636587776
-107.60, 6709, 14084.611806815977791, -242.49642407275672145, -0.77801188284740177753, 2.2731278714818361458
-107.80, 6709, 14084.767414487008065, -242.95104518701652911, -0.77806474923343470956, 2.2730833129272867410
-108.00, 6709, 14084.923032684550514, -243.40565741461457545, -0.77811714880757887380, 2.2730390046767130284
-108.20, 6709, 14085.078661315743708, -243.86026080549903868, -0.77816908656880311754, 2.2729949456034004823
-108.40, 6709, 14085.234300288719732, -244.31485540939243651, -0.77822056745341800911, 2.2729511345775059651
-108.60, 6709, 14085.389949512591738, -244.76944127579102852, -0.77827159633594682149, 2.2729075704663373242
-108.80, 6709, 14085.545608897441678, -245.22401845396427363, -0.77832217802998381587, 2.2728642521346244467
-109.00, 6709, 14085.701278354308198, -245.67858699295434091, -0.77837231728904000410, 2.2728211784447820065
-109.20, 6709, 14085.856957795174709, -246.13314694157567210, -0.77842201880737656696, 2.2727783482571641315
-109.40, 6709, 14086.012647132957618, -246.58769834841459439, -0.77847128722082610373, 2.2727357604303112131
-109.60, 6709, 14086.168346281494721, -247.04224126182898162, -0.77852012710760188601, 2.2726934138211890717
-109.80, 6709, 14086.324055155533764, -247.49677572994796275, -0.77856854298909528738, 2.2726513072854206899
-110.00, 6709, 14086.479773670721153, -247.95130180067167579, -0.77861653933066155818, 2.2726094396775107166
-110.20, 6709, 14086.635501743590828, -248.40581952167106605, -0.77866412054239411286, 2.2725678098510629400
-110.40, 6709, 14086.791239291553281, -248.86032894038772710, -0.77871129097988749549, 2.2725264166589909231
-110.60, 6709, 14086.946986232884741, -249.31483010403378326, -0.77875805494498918697, 2.2724852589537219901
-110.80, 6709, 14087.102742486716490, -249.76932305959181222, -0.77880441668654041545, 2.2724443355873947442
-111.00, 6709, 14087.258507973024339, -250.22380785381480648, -0.77885038040110612981, 2.2724036454120502981
-111.20, 6709, 14087.414282612618247, -250.67828453322617251, -0.77889595023369429372, 2.2723631872798173868
-111.40, 6709, 14087.570066327132074, -251.13275314411976626, -0.77894113027846465618, 2.2723229600430915328
-111.60, 6709, 14087.725859039013489, -251.58721373255996396, -0.77898592457942715224, 2.2722829625547084274
-111.80, 6709, 14087.881660671514003, -252.04166634438176701, -0.77903033713113008593, 2.2722431936681116860
-112.00, 6709, 14088.037471148679148, -252.49611102519093992, -0.77907437187933824521, 2.2722036522375151347
-112.20, 6709, 14088.193290395338787, -252.95054782036418008, -0.77911803272170109697, 2.2721643371180597763
-112.40, 6709, 14088.349118337097555, -253.40497677504931851, -0.77916132350841120840, 2.2721252471659655848
-112.60, 6709, 14088.504954900325436, -253.85939793416555040, -0.77920424804285303858, 2.2720863812386782691
-112.80, 6709, 14088.660800012148461, -254.31381134240369449, -0.77924681008224224295, 2.2720477381950111465
-113.00, 6709, 14088.816653600439541, -254.76821704422648043, -0.77928901333825563082, 2.2720093168952822598
-113.20, 6709, 14088.972515593809421, -255.22261508386886304, -0.77933086147765191461, 2.2719711162014468700
-113.40, 6709, 14089.128385921597755, -255.67700550533836258, -0.77937235812288338753, 2.2719331349772254528
-113.60, 6709, 14089.284264513864309, -256.13138835241543030, -0.77941350685269866434, 2.2718953720882273229
-113.80, 6709, 14089.440151301380277, -256.58576366865383818, -0.77945431120273661849, 2.2718578264020700065
-114.00, 6709, 14089.596046215619719, -257.04013149738109213, -0.77949477466611164655, 2.2718204967884944822
-114.20, 6709, 14089.751949188751114, -257.49449188169886793, -0.77953490069399038949, 2.2717833821194764016
-114.40, 6709, 14089.907860153629025, -257.94884486448346892, -0.77957469269616003830, 2.2717464812693334044
-114.60, 6709, 14090.063779043785884, -258.40319048838630485, -0.77961415404158834983, 2.2717097931148286337
-114.80, 6709, 14090.219705793423879, -258.85752879583439095, -0.77965328805897549681, 2.2716733165352705595
-115.00, 6709, 14090.375640337406957, -259.31185982903086678, -0.77969209803729787444, 2.2716370504126092113
-115.20, 6709, 14090.531582611252933, -259.76618362995553377, -0.77973058722634398413, 2.2716009936315289209
-115.40, 6709, 14090.687532551125703, -260.22050024036541115, -0.77976875883724251313, 2.2715651450795376727
-115.60, 6709, 14090.843490093827569, -260.67480970179530930, -0.77980661604298272745, 2.2715295036470531549
-115.80, 6709, 14090.999455176791659, -261.12911205555842004, -0.77984416197892729333, 2.2714940682274856052
-116.00, 6709, 14091.155427738074452, -261.58340734274692318, -0.77988139974331764127, 2.2714588377173175407
-116.20, 6709, 14091.311407716348404, -262.03769560423260863, -0.77991833239777198475, 2.2714238110161804570
-116.40, 6709, 14091.467395050894676, -262.49197688066751372, -0.77995496296777610423, 2.2713889870269285848
-116.60, 6709, 14091.623389681595952, -262.94625121248457480, -0.77999129444316700536, 2.2713543646557097834
-116.80, 6709, 14091.779391548929357, -263.40051863989829286, -0.78002732977860955883, 2.2713199428120336535
-117.00, 6709, 14091.935400593959473, -263.85477920290541246, -0.78006307189406622770, 2.2712857204088369469
-117.20, 6709, 14092.091416758331441, -264.30903294128561349, -0.78009852367525998634, 2.2712516963625463487
-117.40, 6709, 14092.247439984264162, -264.76327989460221518, -0.78013368797413053386, 2.2712178695931387070
-117.60, 6709, 14092.403470214543585, -265.21752010220289201, -0.78016856760928390317, 2.2711842390241987817
-117.80, 6709, 14092.559507392516081, -265.67175360322040082, -0.78020316536643556532, 2.2711508035829745819
-118.00, 6709, 14092.715551462081914, -266.12598043657331881, -0.78023748399884712750, 2.2711175622004303619
-118.20, 6709, 14092.871602367688790, -266.58020064096679190, -0.78027152622775672139, 2.2710845138112973398
-118.40, 6709, 14093.027660054325496, -267.03441425489329302, -0.78030529474280317713, 2.2710516573541222059
-118.60, 6709, 14093.183724467515620, -267.48862131663338986, -0.78033879220244407700, 2.2710189917713134815
-118.80, 6709, 14093.339795553311360, -267.94282186425652171, -0.78037202123436778111, 2.2709865160091857908
-119.00, 6709, 14093.495873258287407, -268.39701593562178491, -0.78040498443589951637, 2.2709542290180021053
-119.20, 6709, 14093.651957529534916, -268.85120356837872664, -0.78043768437440161842, 2.2709221297520140176
-119.40, 6709, 14093.808048314655550, -269.30538479996814643, -0.78047012358766801489, 2.2708902171695001028
-119.60, 6709, 14093.964145561755606, -269.75955966762290532, -0.78050230458431303711, 2.2708584902328024202
-119.80, 6709, 14094.120249219440218, -270.21372820836874199, -0.78053422984415464600, 2.2708269479083612110
-120.00, 6709, 14094.276359236807637, -270.66789045902509574, -0.78056590181859215653, 2.2707955891667478421
-120.20, 6709, 14094.432475563443580, -271.12204645620593591, -0.78059732293097854403, 2.2707644129826960477
-120.40, 6709, 14094.588598149415664, -271.57619623632059727, -0.78062849557698741408, 2.2707334183351315182
-120.60, 6709, 14094.744726945267900, -272.03033983557462128, -0.78065942212497471684, 2.2707026042071998824
-120.80, 6709, 14094.900861902015271, -272.48447728997060272, -0.78069010491633528510, 2.2706719695862931323
-121.00, 6709, 14095.057002971138370, -272.93860863530904153, -0.78072054626585427426, 2.2706415134640745338
-121.20, 6709, 14095.213150104578116, -273.39273390718919935, -0.78075074846205358142, 2.2706112348365020686
-121.40, 6709, 14095.369303254730533, -273.84685314100996077, -0.78078071376753331922, 2.2705811327038504498
-121.60, 6709, 14095.525462374441605, -274.30096637197069871, -0.78081044441930841923, 2.2705512060707317528
-121.80, 6709, 14095.681627417002183, -274.75507363507214386, -0.78083994262914043843, 2.2705214539461147035
-122.00, 6709, 14095.837798336142975, -275.20917496511725783, -0.78086921058386464109, 2.2704918753433426613
-122.20, 6709, 14095.993975086029591, -275.66327039671210978, -0.78089825044571242751, 2.2704624692801503372
-122.40, 6709, 14096.150157621257651, -276.11735996426675623, -0.78092706435262917963, 2.2704332347786792841
-122.60, 6709, 14096.306345896847964, -276.57144370199612390, -0.78095565441858759273, 2.2704041708654921953
-122.80, 6709, 14096.462539868241762, -277.02552164392089529, -0.78098402273389656136, 2.2703752765715860472
-123.00, 6709, 14096.618739491295994, -277.47959382386839670, -0.78101217136550568627, 2.2703465509324041205
-123.20, 6709, 14096.774944722278694, -277.93366027547348866, -0.78104010235730546856, 2.2703179929878469343
-123.40, 6709, 14096.931155517864388, -278.38772103217945835, -0.78106781773042325584, 2.2702896017822821241
-123.60, 6709, 14097.087371835129577, -278.84177612723891394, -0.78109531948351500439, 2.2702613763645532982
-123.80, 6709, 14097.243593631548272, -279.29582559371468059, -0.78112260959305292035, 2.2702333157879879005
-124.00, 6709, 14097.399820864987581, -279.74986946448069788, -0.78114969001360904181, 2.2702054191104041128
-124.20, 6709, 14097.556053493703361, -280.20390777222291866, -0.78117656267813482289, 2.2701776853941168237
-124.40, 6709, 14097.712291476335920, -280.65794054944020881, -0.78120322949823677996, 2.2701501137059426936
-124.60, 6709, 14097.868534771905776, -281.11196782844524810, -0.78122969236444825896, 2.2701227031172043440
-124.80, 6709, 14098.024783339809468, -281.56598964136543170, -0.78125595314649738228, 2.2700954527037336977
-125.00, 6709, 14098.181037139815422, -282.02000602014377231, -0.78128201369357123240, 2.2700683615458744958
-125.20, 6709, 14098.337296132059869, -282.47401699653980272, -0.78130787583457632868, 2.2700414287284840179
-125.40, 6709, 14098.493560277042817, -282.92802260213047859, -0.78133354137839545309, 2.2700146533409340304
-125.60, 6709, 14098.649829535624066, -283.38202286831108143, -0.78135901211414087929, 2.2699880344771109863
-125.80, 6709, 14098.806103869019284, -283.83601782629612146, -0.78138428981140405921, 2.2699615712354155017
-126.00, 6709, 14098.962383238796126, -284.29000750712024034, -0.78140937622050181986, 2.2699352627187611295
-126.20, 6709, 14099.118667606870401, -284.74399194163911360, -0.78143427307271912283, 2.2699091080345724558
-126.40, 6709, 14099.274956935502295, -285.19797116053035256, -0.78145898208054843770, 2.2698831062947825380
-126.60, 6709, 14099.431251187292631, -285.65194519429440575, -0.78148350493792577996, 2.2698572566158297072
-126.80, 6709, 14099.587550325179183, -286.10591407325545958, -0.78150784332046346334, 2.2698315581186537556
-127.00, 6709, 14099.743854312433035, -286.55987782756233819, -0.78153199888567961547, 2.2698060099286915276
-127.20, 6709, 14099.900163112654983, -287.01383648718940240, -0.78155597327322450515, 2.2697806111758719359
-127.40, 6709, 14100.056476689771986, -287.46779008193744754, -0.78157976810510372884, 2.2697553609946104204
-127.60, 6709, 14100.212795008033657, -287.92173864143460022, -0.78160338498589830303, 2.2697302585238028684
-127.80, 6709, 14100.369118032008802, -288.37568219513721368, -0.78162682550298170858, 2.2697053029068190147
-128.00, 6709, 14100.525445726581998, -288.82962077233076193, -0.78165009122673393240, 2.2696804932914953383
-128.20, 6709, 14100.681778056950217, -289.28355440213073231, -0.78167318371075255105, 2.2696558288301274735
-128.40, 6709, 14100.838114988619488, -289.73748311348351655, -0.78169610449206090023, 2.2696313086794621512
-128.60, 6709, 14100.994456487401607, -290.19140693516730011, -0.78171885509131337339, 2.2696069320006886868
-128.80, 6709, 14101.150802519410878, -290.64532589579294984, -0.78174143701299789205, 2.2695826979594300306
-129.00, 6709, 14101.307153051060904, -291.09924002380489978, -0.78176385174563558978, 2.2695586057257333956
-129.20, 6709, 14101.463508049061414, -291.55314934748203500, -0.78178610076197775101, 2.2695346544740604773
-129.40, 6709, 14101.619867480415122, -292.00705389493857352, -0.78180818551920004550, 2.2695108433832772807
-129.60, 6709, 14101.776231312414639, -292.46095369412494613, -0.78183010745909409816, 2.2694871716366435675
-129.80, 6709, 14101.932599512639411, -292.91484877282867404, -0.78185186800825643397, 2.2694636384218019380
-130.00, 6709, 14102.088972048952698, -293.36873915867524430, -0.78187346857827483641, 2.2694402429307665606
-130.20, 6709, 14102.245348889498594, -293.82262487912898303, -0.78189491056591215781, 2.2694169843599115615
-130.40, 6709, 14102.401730002699078, -294.27650596149392613, -0.78191619535328761912, 2.2693938619099590879
-130.60, 6709, 14102.558115357251101, -294.73038243291468775, -0.78193732430805563602, 2.2693708747859670559
-130.80, 6709, 14102.714504922123715, -295.18425432037732614, -0.78195829878358220789, 2.2693480221973165959
-131.00, 6709, 14102.870898666555232, -295.63812165071020704, -0.78197912011911890543, 2.2693253033576992066
-131.20, 6709, 14103.027296560050415, -296.09198445058486443, -0.78199978963997449229, 2.2693027174851036285
-131.40, 6709, 14103.183698572377709, -296.54584274651685863, -0.78202030865768421536, 2.2692802638018024492
-131.60, 6709, 14103.340104673566504, -296.99969656486663176, -0.78204067847017679803, 2.2692579415343384482
-131.80, 6709, 14103.496514833904427, -297.45354593184036033, -0.78206090036193917005, 2.2692357499135106958
-132.00, 6709, 14103.652929023934674, -297.90739087349080514, -0.78208097560417896721, 2.2692136881743604114
-132.20, 6709, 14103.809347214453365, -298.36123141571815823, -0.78210090545498483337, 2.2691917555561565952
-132.40, 6709, 14103.965769376506942, -298.81506758427088703, -0.78212069115948455714, 2.2691699513023814395
-132.60, 6709, 14104.122195481389588, -299.26889940474657546, -0.78214033395000107477, 2.2691482746607155310
-132.80, 6709, 14104.278625500640683, -299.72272690259276219, -0.78215983504620637039, 2.2691267248830228519
-133.00, 6709, 14104.435059406042289, -300.17655010310777574, -0.78217919565527330438, 2.2691053012253355890
-133.20, 6709, 14104.591497169616665, -300.63036903144156660, -0.78219841697202539994, 2.2690840029478387588
-133.40, 6709, 14104.747938763623813, -301.08418371259653626, -0.78221750017908461771, 2.2690628293148546579
-133.60, 6709, 14104.904384160559050, -301.53799417142836311, -0.78223644644701714774, 2.2690417795948271451
-133.80, 6709, 14105.060833333150615, -301.99180043264682511, -0.78225525693447724747, 2.2690208530603057643
-134.00, 6709, 14105.217286254357295, -302.44560252081661938, -0.78227393278834915434, 2.2690000489879297154
-134.20, 6709, 14105.373742897366091, -302.89940046035817851, -0.78229247514388710081, 2.2689793666584116802
-134.40, 6709, 14105.530203235589903, -303.35319427554848360, -0.78231088512485345937, 2.2689588053565215106
-134.60, 6709, 14105.686667242665246, -303.80698399052187407, -0.78232916384365504467, 2.2689383643710697863
-134.80, 6709, 14105.843134892449991, -304.26076962927085416, -0.78234731240147759938, 2.2689180429948912489
-135.00, 6709, 14105.999606159021136, -304.71455121564689606, -0.78236533188841849015, 2.2688978405248281174
-135.20, 6709, 14106.156081016672600, -305.16832877336123979, -0.78238322338361763941, 2.2688777562617132941
-135.40, 6709, 14106.312559439913045, -305.62210232598568959, -0.78240098795538671860, 2.2688577895103534650
-135.60, 6709, 14106.469041403463724, -306.07587189695340699, -0.78241862666133662790, 2.2688379395795121007
-135.80, 6709, 14106.625526882256351, -306.52963750955970049, -0.78243614054850328702, 2.2688182057818923656
-136.00, 6709, 14106.782015851431001, -306.98339918696281174, -0.78245353065347176163, 2.2687985874341199382
-136.20, 6709, 14106.938508286334033, -307.43715695218469837, -0.78247079800249874907, 2.2687790838567257512
-136.40, 6709, 14107.095004162516030, -307.89091082811181325, -0.78248794361163344720, 2.2687596943741286532
-136.60, 6709, 14107.251503455729779, -308.34466083749588037, -0.78250496848683682943, 2.2687404183146180008
-136.80, 6709, 14107.408006141928258, -308.79840700295466718, -0.78252187362409934885, 2.2687212550103361830
-137.00, 6709, 14107.564512197262654, -309.25214934697275347, -0.78253866000955709404, 2.2687022037972610847
-137.20, 6709, 14107.721021598080408, -309.70588789190229667, -0.78255532861960641862, 2.2686832640151884939
-137.40, 6709, 14107.877534320923275, -310.15962265996379370, -0.78257188042101706651, 2.2686644350077144558
-137.60, 6709, 14108.034050342525410, -310.61335367324683923, -0.78258831637104381425, 2.2686457161222175803
-137.80, 6709, 14108.190569639811478, -311.06708095371088044, -0.78260463741753665174, 2.2686271067098413054
-138.00, 6709, 14108.347092189894780, -311.52080452318596820, -0.78262084449904952206, 2.2686086061254761218
-138.20, 6709, 14108.503617970075410, -311.97452440337350470, -0.78263693854494764108, 2.2685902137277417628
-138.40, 6709, 14108.660146957838423, -312.42824061584698750, -0.78265292047551341699, 2.2685719288789693623
-138.60, 6709, 14108.816679130852033, -312.88195318205275005, -0.78266879120205098971, 2.2685537509451835864
-138.80, 6709, 14108.973214466965823, -313.33566212331069860, -0.78268455162698940973, 2.2685356792960847411
-139.00, 6709, 14109.129752944208985, -313.78936746081504552, -0.78270020264398447585, 2.2685177133050308603
-139.20, 6709, 14109.286294540788572, -314.24306921563503908, -0.78271574513801925064, 2.2684998523490197768
-139.40, 6709, 14109.442839235087775, -314.69676740871568959, -0.78273117998550327257, 2.2684820958086711814
-139.60, 6709, 14109.599387005664218, -315.15046206087849199, -0.78274650805437048310, 2.2684644430682086711
-139.80, 6709, 14109.755937831248271, -315.60415319282214484, -0.78276173020417588705, 2.2684468935154417917
-140.00, 6709, 14109.912491690741387, -316.05784082512326570, -0.78277684728619096399, 2.2684294465417480763
-140.20, 6709, 14110.069048563214451, -316.51152497823710294, -0.78279186014349784847, 2.2684121015420550838
-140.40, 6709, 14110.225608427906156, -316.96520567249824394, -0.78280676961108229627, 2.2683948579148224398
-140.60, 6709, 14110.382171264221386, -317.41888292812131975, -0.78282157651592545398, 2.2683777150620238824
-140.80, 6709, 14110.538737051729632, -317.87255676520170603, -0.78283628167709444856, 2.2683606723891293165
-141.00, 6709, 14110.695305770163412, -318.32622720371622059, -0.78285088590583181357, 2.2683437293050868783
-141.20, 6709, 14110.851877399416720, -318.77989426352381717, -0.78286539000564376848, 2.2683268852223050133
-141.40, 6709, 14111.008451919543482, -319.23355796436627575, -0.78287979477238736704, 2.2683101395566345697
-141.60, 6709, 14111.165029310756040, -319.68721832586888922, -0.78289410099435653060, 2.2682934917273509098
-141.80, 6709, 14111.321609553423644, -320.14087536754114650, -0.78290830945236698207, 2.2682769411571360424
-142.00, 6709, 14111.478192628070967, -320.59452910877741212, -0.78292242091984009583, 2.2682604872720607764
-142.20, 6709, 14111.634778515376634, -321.04817956885760212, -0.78293643616288567880, 2.2682441295015669006
-142.40, 6709, 14111.791367196171767, -321.50182676694785656, -0.78295035594038369755, 2.2682278672784493897
-142.60, 6709, 14111.947958651438549, -321.95547072210120829, -0.78296418100406496621, 2.2682117000388386386
-142.80, 6709, 14112.104552862308798, -322.40911145325824833, -0.78297791209859080959, 2.2681956272221827289
-143.00, 6709, 14112.261149810062568, -322.86274897924778761, -0.78299154996163171592, 2.2681796482712297265
-143.20, 6709, 14112.417749476126751, -323.31638331878751519, -0.78300509532394499310, 2.2681637626320100150
-143.40, 6709, 14112.574351842073707, -323.77001449048465296, -0.78301854890945144241, 2.2681479697538186646
-143.60, 6709, 14112.730956889619903, -324.22364251283660685, -0.78303191143531106335, 2.2681322690891978392
-143.80, 6709, 14112.887564600624568, -324.67726740423161444, -0.78304518361199780294, 2.2681166600939192434
-144.00, 6709, 14113.044174957088363, -325.13088918294938918, -0.78305836614337336281, 2.2681011422269666102
-144.20, 6709, 14113.200787941152066, -325.58450786716176098, -0.78307145972676007713, 2.2680857149505182318
-144.40, 6709, 14113.357403535095272, -326.03812347493331343, -0.78308446505301287411, 2.2680703777299295347
-144.60, 6709, 14113.514021721335107, -326.49173602422201746, -0.78309738280659033395, 2.2680551300337156997
-144.80, 6709, 14113.670642482424953, -326.94534553287986159, -0.78311021366562485542, 2.2680399713335343301
-145.00, 6709, 14113.827265801053193, -327.39895201865347864, -0.78312295830199194367, 2.2680249011041681666
-145.20, 6709, 14113.983891660041964, -327.85255549918476905, -0.78313561738137863111, 2.2680099188235078539
-145.40, 6709, 14114.140520042345930, -328.30615599201152076, -0.78314819156335104347, 2.2679950239725347557
-145.60, 6709, 14114.297150931051058, -328.75975351456802563, -0.78316068150142112270, 2.2679802160353038236
-145.80, 6709, 14114.453784309373420, -329.21334808418569245, -0.78317308784311251828, 2.2679654944989265183
-146.00, 6709, 14114.610420160657997, -329.66693971809365650, -0.78318541123002565844, 2.2679508588535537848
-146.20, 6709, 14114.767058468377507, -330.12052843341938582, -0.78319765229790201238, 2.2679363085923590833
-146.40, 6709, 14114.923699216131232, -330.57411424718928396, -0.78320981167668755476, 2.2679218432115214762
-146.60, 6709, 14115.080342387643869, -331.02769717632928946, -0.78322188999059544316, 2.2679074622102087720
-146.80, 6709, 14115.236987966764393, -331.48127723766547188, -0.78323388785816791941, 2.2678931650905607279
-147.00, 6709, 14115.393635937464922, -331.93485444792462453, -0.78324580589233744533, 2.2678789513576723106
-147.20, 6709, 14115.550286283839606, -332.38842882373485385, -0.78325764470048708331, 2.2678648205195770179
-147.40, 6709, 14115.706938990103520, -332.84200038162616545, -0.78326940488451013206, 2.2678507720872302602
-147.60, 6709, 14115.863594040591577, -333.29556913803104682, -0.78328108704086902760, 2.2678368055744928039
-147.80, 6709, 14116.020251419757442, -333.74913510928504679, -0.78329269176065351948, 2.2678229204981142766
-148.00, 6709, 14116.176911112172464, -334.20269831162735159, -0.78330421962963813219, 2.2678091163777167355
-148.20, 6709, 14116.333573102524623, -334.65625876120135778, -0.78331567122833892128, 2.2677953927357782994
-148.40, 6709, 14116.490237375617479, -335.10981647405524176, -0.78332704713206953387, 2.2677817490976168445
-148.60, 6709, 14116.646903916369142, -335.56337146614252617, -0.78333834791099658290, 2.2677681849913737655
-148.80, 6709, 14116.803572709811241, -336.01692375332264288, -0.78334957413019434447, 2.2677546999479978018
-149.00, 6709, 14116.960243741087918, -336.47047335136149293, -0.78336072634969878730, 2.2677412935012289300
-149.20, 6709, 14117.116916995454822, -336.92402027593200313, -0.78337180512456094348, 2.2677279651875823221
-149.40, 6709, 14117.273592458278118, -337.37756454261467954, -0.78338281100489962918, 2.2677147145463323720
-149.60, 6709, 14117.430270115033507, -337.83110616689815765, -0.78339374453595352435, 2.2677015411194967884
-149.80, 6709, 14117.586949951305252, -338.28464516417974953, -0.78340460625813261970, 2.2676884444518207556
-150.00, 6709, 14117.743631952785221, -338.73818154976598772, -0.78341539670706903977, 2.2676754240907611637